9386.95
346.43
738.43
534.97
186.55
178.3
922.45
10.95
523.96
984.97
656.4
595.29
610.38
504.19
152.72
688.98
314.01
521.88
54.26
929.41
790.14
218.17
613.13
897.46
822.79
931.99
550.2
948.79
399.2
961.34
749.65
383.19
412.34
325.53
9.56
352.71
282.57
667.3
547.37
751.48
298.33
132.7
929.89
389.69
964.28
40.66
647.77
744.68
825.29
193.89
30.08
748.28
583.29
544.94
192.58
47.78
912.33
853.13
377.8
250.06
350.06
959.3
602.7
748.66
178.5
364.46
312.15
579.74
97.44
704.91
832.79
137.82
336.0
741.63
646.87
311.56
964.93
341.95
878.57
850.34
783.58
357.63
188.23
648.18
573.54
739.83
570.77
658.63
767.3
64.43
144.12
793.53
460.34
971.14
7.23
153.79
296.93
2.87
442.98
767.11
229.61
207.99
650.21
924.81
280.18
985.32
23.36
723.05
286.36
477.24
61.14
308.19
752.06
783.75
425.49
17.91
267.25
357.99
562.0
94.39
915.09
513.12
506.85
769.85
466.18
375.01
575.67
419.46
791.81
890.12
199.04
207.52
199.1
798.82
761.94
571.97
294.21
237.26
460.67
189.56
376.03
608.01
172.35
22.18
283.58
871.02
713.66
609.15
186.94
294.42
522.93
611.28
955.79
205.27
821.81
775.11
606.62
739.15
127.93
126.54
93.39
185.33
65.74
9.15
680.85
225.18
155.15
100.28
950.16
242.48
849.22
349.48
905.65
604.65
357.43
601.16
180.41
618.96
711.28
885.11
620.8
412.47
62.68
555.23
553.33
47.69
192.75
918.88
46.08
616.8
541.9
572.67
489.63
697.91
448.76
153.14
954.26
749.51
451.54
585.08
452.51
911.75
417.06
911.99
869.01
158.73
269.04
763.27
88.61
862.4
241.45
90.58
914.02
17.98
291.21
824.27
635.84
700.02
800.83
105.29
35.47
808.15
54.6
842.47
769.55
3.11
134.35
771.69
53.34
267.46
747.82
713.94
867.04
79.4
895.02
529.05
598.78
311.73
878.67
116.92
765.77
285.29
300.16
35.76
612.38
96.91
373.47
589.56
710.77
299.85
761.57
691.88
601.12
538.09
996.26
435.04
857.7
430.52
179.82
69.16
225.2
564.96
201.03
844.98
948.55
10.49
226.15
286.61
761.19
293.3
671.72
843.6
433.06
423.15
856.96
738.91
950.81
961.34
905.19
522.57
463.97
588.4
80.42
568.72
142.77
538.52
815.09
432.66
712.03
722.01
811.13
843.03
395.0
643.2
229.5
458.21
441.89
122.09
530.85
995.88
194.3
405.21
687.93
368.62
440.13
212.1
240.44
101.55
463.85
608.9
406.65
436.29
174.84
292.91
853.85
655.78
620.38
949.43
846.68
78.22
246.63
182.92
856.76
152.25
670.29
692.87
655.7
787.73
663.4
904.84
251.51
196.33
401.59
849.89
972.24
550.49
383.86
22.06
859.43
645.24
215.09
611.29
912.25
777.41
882.2
731.2
762.15
595.56
322.46
328.26
514.55
341.33
455.13
561.57
556.62
880.82
81.79
541.83
626.64
569.51
265.88
884.37
554.94
384.86
475.33
909.16
867.85
918.38
417.68
387.38
326.44
51.47
322.89
649.08
267.96
490.27
92.88
191.68
743.36
6.11
82.36
84.78
963.1
185.82
996.19
4.54
52.04
957.98
190.26
682.77
568.77
575.15
942.08
169.67
857.11
963.97
298.0
253.43
832.32
996.29
112.51
274.44
840.34
154.08
281.98
933.55
285.92
233.05
315.64
725.46
407.86
314.94
700.65
132.93
11.72
684.34
91.18
647.32
210.48
103.7
226.84
754.49
734.21
718.69
448.38
330.75
796.11
204.43
369.07
897.46
397.63
385.15
84.93
230.62
989.23
571.71
115.84
218.82
490.86
190.39
688.26
786.33
657.41
67.68
546.94
53.13
859.42
871.52
464.12
213.51
632.01
455.74
689.39
161.22
240.0
333.31
525.01
711.43
817.74
641.53
629.57
648.5
238.93
316.57
313.89
577.27
781.31
757.56
48.37
152.66
3.78
557.56
227.48
824.94
759.83
383.92
65.06
157.17
838.43
201.02
424.56
990.1
95.33
194.96
149.13
658.23
965.74
15.5
577.86
187.5
80.97
345.08
582.96
243.53
891.0
863.99
93.37
279.81
907.33
161.84
659.36
29.02
222.7
820.58
892.85
634.18
447.64
917.23
376.74
845.57
54.89
268.03
308.67
489.47
330.02
768.67
414.3
123.04
981.52
719.3
736.4
978.61
15.39
718.37
384.8
316.58
950.47
261.52
371.67
340.82
202.89
735.69
990.76
843.73
501.8
734.68
171.25
848.08
460.82
432.44
511.7
214.33
609.6
612.05
160.47
757.84
982.74
433.35
93.86
247.73
885.34
78.25
198.37
711.38
13.95
62.14
383.17
322.88
756.89
873.02
291.74
139.77
187.56
1.11
576.99
939.54
546.4
213.04
53.78
226.9
1.26
535.87
327.94
630.78
108.78
636.53
43.52
973.98
597.45
863.24
570.87
468.92
757.45
118.6
275.92
507.53
324.66
977.57
562.66
278.74
739.32
866.19
270.44
274.41
823.13
36.83
302.44
483.02
351.26
694.88
140.85
296.31
78.68
63.59
659.46
594.63
640.98
395.1
803.39
841.47
680.76
235.24
389.94
675.0
258.58
741.64
653.37
374.53
659.02
95.83
393.02
559.07
672.85
344.96
49.88
232.95
4.16
563.6
686.94
640.62
920.81
844.69
295.61
52.5
318.37
605.58
256.31
133.4
124.86
902.04
574.93
944.42
735.79
922.25
916.77
856.5
256.95
679.43
243.59
848.9
883.87
747.46
544.49
930.22
918.78
905.18
384.52
332.13
642.92
565.02
291.15
392.18
723.81
508.04
95.15
131.69
522.84
433.78
526.74
420.5
519.86
228.19
702.03
849.89
370.16
242.49
993.55
407.85
163.85
401.69
959.87
940.16
841.23
772.23
657.17
599.18
262.88
647.31
275.23
294.26
50.53
252.75
190.79
425.82
835.62
250.99
781.46
512.71
145.53
777.45
854.02
46.56
861.27
865.33
531.18
601.2
472.19
644.89
439.69
270.81
678.18
344.31
712.29
414.11
519.48
681.98
590.51
987.17
292.22
554.5
813.81
74.16
764.21
248.97
533.78
862.27
273.55
326.95
266.73
515.97
814.91
480.53
210.39
299.11
242.95
159.46
624.94
270.09
968.54
201.54
519.54
612.13
58.45
96.46
504.44
14.87
307.74
753.34
578.87
160.11
612.47
473.21
95.71
619.9
875.4
762.98
229.39
529.87
706.03
574.04
54.33
900.51
465.71
615.71
309.94
243.03
713.78
894.0
598.69
690.32
885.82
736.34
215.14
548.08
137.47
669.23
602.39
391.91
461.38
168.38
517.9
127.82
623.16
954.28
479.05
92.07
152.3
617.53
831.99
299.58
713.96
902.24
643.43
462.1
220.24
797.51
876.96
426.76
952.41
2.52
996.28
74.91
840.12
101.19
555.75
2.67
111.03
784.25
777.74
122.99
140.78
249.85
849.65
121.07
25.77
970.8
799.7
377.31
204.14
47.04
121.08
343.9
313.82
825.74
826.37
227.31
570.82
446.79
853.46
373.92
775.27
856.08
991.13
908.93
143.22
617.75
692.7
535.76
329.36
205.94
240.54
369.68
36.39
73.64
710.02
219.35
588.1
218.06
774.93
43.14
744.45
934.01
584.64
315.18
506.32
938.1
711.25
773.81
147.5
225.1
852.57
276.31
216.72
749.45
876.06
964.36
844.8
228.13
507.04
325.08
591.78
724.98
294.76
931.68
881.59
602.09
996.82
963.34
317.28
104.14
982.11
113.79
956.53
406.66
162.31
922.43
451.78
109.9
980.68
457.92
441.34
673.64
340.51
336.14
147.87
946.73
42.72
968.78
383.55
667.4
624.58
254.32
3.69
543.88
960.7
250.25
414.34
353.36
211.19
896.56
785.64
80.3
718.15
359.92
24.51
188.26
474.98
447.36
647.53
559.9
701.45
323.55
891.42
996.57
340.72
204.26
621.98
524.74
147.72
355.8
248.78
203.84
592.03
791.85
313.63
138.87
423.57
400.29
741.12
478.34
329.11
458.52
687.58
107.75
724.74
645.06
474.79
942.42
75.34
621.92
43.4
521.05
487.13
725.07
577.73
486.55
826.24
360.64
965.96
346.18
790.67
382.23
86.19
477.53
541.93
163.35
923.75
648.79
656.98
420.4
851.11
891.83
734.63
149.6
598.71
125.64
287.4
788.28
535.17
859.89
198.8
846.04
394.35
144.76
710.48
863.77
566.3
34.48
269.4
56.23
735.39
899.35
900.82
606.25
736.13
47.3
15.88
345.41
692.47
819.66
382.8