67666.66
8587.36
1772.52
7729.25
4235.31
8057.24
4004.54
9471.48
7559.31
777.96
5602.77
645.08
5619.82
2225.26
5749.27
5294.66
1306.88
4061.83
2479.79
8166.21
1488.71
9809.61
276.56
2616.41
5283.82
9719.21
840.62
9804.78
148.62
3396.22
3673.0
4366.94
6188.6
130.69
248.37
5202.14
546.08
467.48
4890.0
9885.54
4747.7
9257.64
4432.52
2276.52
9025.44
3636.06
1067.64
9744.45
7545.51
220.5
8597.98
5535.11
1353.37
9960.1
264.18
4488.35
9144.23
6312.7
1699.43
8410.48
33.97
8918.8
2598.56
7116.52
1009.67
2361.14
7510.42
8348.14
8842.42
3948.28
5868.0
801.71
8217.19
8365.57
8622.09
4311.86
4192.86
8984.72
3441.01
6515.05
6034.9
365.14
2052.85
4931.74
5966.15
7792.63
7140.01
2351.27
8639.94
3796.38
5822.07
9399.29
184.87
1324.54
9855.47
6548.05
5679.64
1026.06
6169.53
6512.95
6152.87