11000.12
506.94
921.88
333.37
730.36
668.32
393.89
66.47
659.66
519.64
404.49
488.22
863.8
993.05
351.9
832.51
234.35
110.3
353.7
63.02
652.9
79.94
41.0
774.98
437.05
967.62
690.4
927.35
878.09
79.03
621.82
340.25
13.73
519.19
267.23
330.32
383.69
891.49
741.8
675.96
956.54
804.1
936.13
491.53
557.2
257.02
315.23
809.92
565.27
754.19
965.82
11.91
517.2
798.13
372.16
800.38
568.32
861.15
916.83
566.64
72.01
188.74
519.17
196.53
50.31
485.87
176.74
852.31
849.14
939.39
333.97
678.57
824.31
617.43
11.29
239.57
594.39
199.99
497.88
848.16
219.48
846.98
392.41
983.83
83.08
217.58
785.88
432.26
662.2
846.94
614.85
803.61
647.53
392.4
115.51
244.2
18.13
95.54
858.6
558.39
602.27